0.0 0.0028823671424002273 3.141592653589793
2539062.4999999437 0.003314121124575753 -0.14692828336873007
5078124.999999887 0.004507037060695132 2.772613589991625
7617187.4999998305 0.0062388936385827055 -0.6411714140936173
10156249.999999775 0.00824037814124872 2.213043287342856
12695312.499999719 0.010226846211674707 -1.2153193756635323
15234374.999999661 0.01194587830327791 1.6461342584528236
17773437.499999605 0.01322359313185891 -1.7661344864224429
20312499.99999955 0.013992459943366706 1.1161504402729068
22851562.499999493 0.014293821160721995 -2.2721240249061254
25390624.999999437 0.014254890272218074 0.6352853318030031
27929687.49999938 0.01404521164416856 -2.7307298957208137
30468749.999999322 0.013823840310813762 0.19007375385586053
33007812.499999266 0.013695795772637642 3.1059786435792107
35546874.99999921 0.013696669631786515 -0.27406685578256607
38085937.49999916 0.013808354913186572 2.612519870552911
40624999.9999991 0.013987847576128596 -0.7988260252166919
43164062.49999904 0.014188758523756208 2.064790214993607
45703124.99999899 0.014371297230128711 -1.3540172144138336
48242187.49999893 0.014508991699100209 1.520011960923906
50781249.999998875 0.014597525444629241 -1.8729870095266412
53320312.499998815 0.014659870966435798 1.0356370384400888
55859374.99999876 0.014736356875740377 -2.3235801818500468
58398437.4999987 0.014857527901939208 0.6075185092449945
60937499.999998644 0.015017064033785242 -2.74846722474752
63476562.49999859 0.015170350240841325 0.16462471409723065
66015624.99999853 0.015264911383150368 3.0573155271301955
68554687.49999848 0.015279292289764069 -0.3544364526100782
71093749.99999842 0.015239043463253133 2.50067166222111
73632812.49999836 0.015198241300121599 -0.933580666389469
76171874.99999832 0.015204587046525875 1.9223436532461626
78710937.49999826 0.015280077162733666 -1.4858733765732952
81249999.9999982 0.015428631875625907 1.4144536033658206
83789062.49999814 0.015645629957352487 -1.9453807636113412
86328124.99999808 0.01590098395784155 0.9902638079718226
88867187.49999803 0.01610921210448975 -2.360617001761358
91406249.99999797 0.01613406468099764 0.5525323421364232
93945312.49999791 0.015851228862695205 -2.8496365778454407
96484374.99999785 0.015237091026517014 -0.010070304668790763
99023437.49999781 0.01442171391245582 2.7838233459441697
101562499.99999775 0.013648602752933659 -0.7452137444204985
104101562.49999769 0.013125392246631448 1.99094307706927
106640624.99999763 0.012864793337414884 -1.5417058416164573
109179687.49999757 0.012694336493452819 1.2486139806298995
111718749.99999753 0.012435378539031736 -2.1978935608499324
114257812.49999747 0.012051221720578074 0.6728708504530491
116796874.9999974 0.011654290169785888 -2.734381537702904
119335937.49999735 0.011450530104954509 0.10562415083110382
121874999.99999729 0.011764283271667899 2.8747273475848742
124414062.49999724 0.013086009639232291 -0.7040679583338243
126953124.99999718 0.015806917049861542 1.9921007535514683
129492187.49999712 0.01977539065800229 -1.5523968236148986
132031249.99999706 0.024288024879660093 1.23796693943965
134570312.49999702 0.028408024910219057 -2.2150338307363007
137109374.99999696 0.0312699101919079 0.642070876230841
139648437.4999969 0.03232484151738503 -2.7661690283365603
142187499.99999684 0.031525153812802964 0.12039994657303009
144726562.49999678 0.029410523558375444 3.0129535940221515
147265624.99999672 0.027062854666624864 -0.37952048008063216
149804687.49999666 0.02593207103418719 2.4983996586659423
152343749.99999663 0.02757168228041651 -0.9258856183549159
154882812.49999657 0.03331042970006676 1.9242927866330028
157421874.9999965 0.04389697824298156 -1.5007286420695924
159960937.49999645 0.059268845413786374 1.3708987761490505
162499999.9999964 0.07852786776537382 -2.0305597032351868
165039062.49999633 0.10008396367421013 0.8566913367402784
167578124.99999627 0.12193621056076495 -2.5369816319080756
170117187.49999622 0.14204512040782402 0.35273150542000903
172656249.99999616 0.15871836535675107 -3.041885011039574
175195312.49999613 0.1709236746125195 -0.15540174463149156
177734374.99999607 0.17845846702709578 2.72835197815658
180273437.499996 0.18193903427266 -0.6740987071616337
182812499.99999595 0.18261421852337886 2.203853072706922
185351562.4999959 0.18205014101520212 -1.2032212974717595
187890624.99999583 0.1817645391611776 1.672690473514347
190429687.49999577 0.1829026152658488 -1.7328249765098742
192968749.9999957 0.18603272628587614 1.1481610501237955
195507812.49999565 0.19110052736165395 -2.250211623586056
198046874.99999562 0.19753251610202427 0.6377421399193147
200585937.49999556 0.2044465288548146 -2.755837286285249
203124999.9999955 0.2109114437100072 0.1337318232298737
205664062.49999544 0.216192957579355 3.021868594329393
208203124.99999538 0.21992632734000467 -0.37543215323895074
210742187.49999532 0.22217551160581445 2.5080744502608354
213281249.99999526 0.22336994190440704 -0.8934103465300633
215820312.4999952 0.22414580660362163 1.9876304943535408
218359374.99999514 0.22514581925608715 -1.4137395417426357
220898437.4999951 0.22683959499151757 1.4701446976786934
223437499.99999505 0.2294130530432035 -1.926361271554641
225976562.499995 0.2327478059368367 0.9630364895598217
228515624.99999493 0.23648435048662755 -2.4288401690504764
231054687.49999487 0.24014444274217409 0.46316435922371624
233593749.9999948 0.24327740555858451 -2.928530848203704
236132812.49999475 0.2455903161855613 -0.03840935856316235
238671874.9999947 0.24702575469431454 2.850061845247325
241210937.49999464 0.2477659676871547 -0.5459486157487771
243749999.99999458 0.24816593590056002 2.3408260036206854
246289062.49999455 0.24864098580841978 -1.0547929472073887
248828124.9999945 0.24954724428224173 1.8346933290776057
251367187.49999443 0.2510905107828539 -1.5563918721791852
253906249.99999437 0.25328478206206734 1.3383405126182206
256445312.4999943 0.25596496395000146 -2.0481473520756976
258984374.99999425 0.2588457244009707 0.8493807156372718
261523437.4999942 0.2616096669077588 -2.5367005049731266
264062499.99999413 0.2640009224119878 0.3589500083789284
266601562.49999407 0.265896912406091 -3.0305957872993874
269140624.99999404 0.26733598838340344 -0.1389471881641052
271679687.499994 0.2684929156576788 2.7512635224352184
274218749.9999939 0.2696125475324861 -0.642245313161361
276757812.49999386 0.27092605502654865 2.247868753463314
279296874.9999938 0.27257748678048044 -1.144033228684521
281835937.49999374 0.27458125002154443 1.748676635137964
284374999.9999937 0.2768189537976292 -1.6406647877688592
286914062.4999936 0.27907298211599 1.2535786423308568
289453124.99999356 0.2810861530815004 -2.1358961285909253
291992187.4999935 0.28263092378893656 0.7564422555993773
294531249.99999344 0.2835682041250937 -2.6362720864205085
297070312.4999934 0.2838777359048089 0.2523308005312633
299609374.9999933 0.2836509919458799 3.139580295258384
302148437.4999933 0.28305114806563175 -0.2567929462662016
304687499.99999326 0.2822565626850878 2.6306715904234057
307226562.4999932 0.28140830349044593 -0.763418972619738
309765624.99999315 0.2805772295221038 2.1279095902597436
312304687.4999931 0.27975632102727177 -1.2616361574116264
314843749.999993 0.2788755586950534 1.633874206460662
317382812.49999297 0.2778325136165466 -1.7527225006845968
319921874.9999929 0.2765302403888668 1.1440623143432989
322460937.49999285 0.2749127001240783 -2.2428364487362384
324999999.9999928 0.27298734586020423 0.6526564990099755
327539062.4999927 0.2708272875611793 -2.735634795362453
330078124.99999267 0.2685524263740038 0.15929137804316595
332617187.4999926 0.2662970783970727 3.055131009129722
335156249.99999255 0.2641760935310517 -0.3304397412818631
337695312.4999925 0.26225989969680824 2.569517313289051
340234374.99999243 0.26056339677095514 -0.8112841275145016
342773437.4999924 0.25904865806792254 2.093087737598915
345312499.9999923 0.25763933666309086 -1.2845762815250856
347851562.49999225 0.256243988408803 1.621100100051115
350390624.99999225 0.2547836210764757 -1.7571190988676095
352929687.4999922 0.25321585294731735 1.1466395675300416
355468749.99999213 0.2515472222004775 -2.2339955702185597
358007812.4999921 0.2498288546131982 0.6678257636039178
360546874.999992 0.24813756147465088 -2.7134601656795634
363085937.49999195 0.24655024688959043 0.1894012073596968
365624999.9999919 0.24512076851548112 3.093910287667788
368164062.49999183 0.24386535759646827 -0.28284684779253916
370703124.9999918 0.24275865011449463 2.6252701887695538
373242187.4999917 0.24174007875343775 -0.7487716385898894
375781249.99999166 0.24072949803302848 2.160504739894083
378320312.4999916 0.2396492979931335 -1.2141302162253749
380859374.99999154 0.2384472946123097 1.6931178452126678
383398437.4999915 0.23711260553030722 -1.6842551699267252
385937499.9999914 0.23567827660512755 1.2204617946863792
388476562.49999136 0.2342097009852233 -2.158391615510861
391015624.9999913 0.23278377917477527 0.7464241318280709
393554687.49999124 0.23146666018349837 -2.630693747669576
396093749.99999124 0.23029667670727103 0.27706047472659806
398632812.4999912 0.2292757916141122 -3.0967124594098183
401171874.9999911 0.22837030934779742 -0.18612291383635357
403710937.49999106 0.22752049401317262 2.724858716060222
406249999.999991 0.22665756756230465 -0.6478078956690585
408789062.49999094 0.22572414551619788 2.2615676440833146
411328124.9999909 0.22469165772967326 -1.1137079847404119
413867187.4999908 0.22356822156544615 1.7928427151317643
416406249.99999076 0.2223938933172186 -1.584668433485571
418945312.4999907 0.22122549186400753 1.3208252414161237
421484374.99999064 0.2201170855765623 -2.056359426984464
424023437.4999906 0.21910281360946204 0.8506114554843853
426562499.9999905 0.21818662684286244 -2.5245344689196547
429101562.49999046 0.21734088232993098 0.38428633799377077
431640624.9999904 0.2165137834421522 -2.9898630978929437
434179687.49999034 0.21564401183700924 -0.08126199970018404
436718749.9999903 0.21467880865255 2.8263922183357364
439257812.4999902 0.21358985141191553 -0.5502821583423657
441796874.9999902 0.2123812771519628 2.3552873874672913
444335937.49999017 0.21108703091367548 -1.022705990671141
446874999.9999901 0.20975910121438318 1.8828871581870241
449414062.49999005 0.20845151807278892 -1.4935272559343047
451953124.99999 0.20720549470278124 1.4149707733936525
454492187.4999899 0.206039345793502 -1.9578293915696527
457031249.99998987 0.20494481478022675 0.9541674090768014
459570312.4999898 0.20389042384473421 -2.4160331084758564
462109374.99998975 0.20283176296039424 0.4971609940963456
464648437.4999897 0.20172694767582425 -2.8733167098039263
467187499.9999896 0.20055292584582285 0.03850106236658917
469726562.49998957 0.19931680485416411 2.949438558861258
472265624.9999895 0.1980576882835198 -0.42326944568391334
474804687.49998945 0.19683832938107698 2.4874529840163286
477343749.9999894 0.1957298853545367 -0.8839893014362873
479882812.49998933 0.19479489233869254 2.0293759041202133
482421874.9999893 0.1940729548382743 -1.3385926100824503
484960937.4999892 0.19357210068005634 1.5782455465607566
487499999.99998915 0.19326772331653344 -1.7871158981245359
490039062.49998915 0.19311022563934838 1.1308308183017413
492578124.9999891 0.19304056261710956 -2.235132334911105
495117187.49998903 0.19300965567919068 0.6807625517278035
497656249.999989 0.19299498295521086 -2.6880646971284805
500195312.4999889 0.19300787484646006 0.22496938889201268
502734374.99998885 0.19308862581090092 3.13722140408508
505273437.4999888 0.19329147721573234 -0.23381020773095862
507812499.99998873 0.19366505725252162 2.6788444461559937
510351562.4999887 0.19423460159801806 -0.6908673620901006
512890624.9999886 0.19499089883302492 2.2233563562742122
515429687.49998856 0.19588887106154212 -1.1452900737934264
517968749.9999885 0.19685661053286788 1.7688982364819024
520507812.49998844 0.1978131378241383 -1.6011423410440744
523046874.9999884 0.19869009106712676 1.310443290058047
525585937.4999883 0.199450306182452 -2.0629072599158476
528124999.99998826 0.20009660257542577 0.8453587903120227
530664062.4999882 0.20066754340241486 -2.5306289022496933
533203124.99998814 0.2012219262012098 0.3761732336921265
535742187.49998814 0.201817701395367 -2.999954986032246
538281249.9999881 0.20249220439104224 -0.09220391007425136
540820312.499988 0.20324921620503011 2.8163442313343854
543359374.999988 0.2040558840728848 -0.5577492611723445
545898437.4999878 0.20485007769074748 2.351365460166733
548437499.9999878 0.20555640346040033 -1.023302536182103
550976562.4999877 0.20610662977928423 1.8840899252400019
553515624.9999877 0.2064583177129015 -1.4931022286639932
556054687.4999876 0.20660538121151817 1.4115551054988678
558593749.9999876 0.20657690810780716 -1.9679177810254755
561132812.4999876 0.20642497134701832 0.9354659304896509
563671874.9999875 0.20620616435244582 -2.4439893633119523
566210937.4999875 0.205963271060212 0.46063627416761366
568749999.9999874 0.2057124936727418 -2.916751704540538
571289062.4999874 0.20543922733665473 -0.009844209854142836
573828124.9999872 0.20510294097602255 2.8978135840207164
576367187.4999872 0.20464978182173071 -0.4774927373597682
578906249.9999871 0.20402974536843296 2.430085965023079
581445312.4999871 0.20321364027457814 -0.9461645412366437
583984374.999987 0.20220450242661278 1.9600750343546314
586523437.499987 0.2010395428787661 -1.4172978689553637
589062499.9999869 0.19978199538613015 1.488606363432121
591601562.4999869 0.19850583149784098 -1.8879599881075466
594140624.9999868 0.19727840584029813 1.0199148412457
596679687.4999868 0.1961459577030907 -2.3538494608735516
599218749.9999866 0.1951253026315857 0.5570589339573918
601757812.4999866 0.19420328170271556 -2.8141319286463857
604296874.9999866 0.19334408283155144 0.09831535852763659
606835937.4999865 0.19250294518297367 3.010529700597954
609374999.9999865 0.19164271436470792 -0.36122129838465555
611914062.4999864 0.1907480518404753 2.5491706461305275
614453124.9999864 0.18983223674611524 -0.8245825439191345
616992187.4999863 0.18893399833690155 2.084275897780383
619531249.9999863 0.1881056056734203 -1.2900655205650262
622070312.4999862 0.18739652403319887 1.6193129181194754
624609374.9999862 0.1868379460244206 -1.7536010192442446
627148437.499986 0.18643254621980757 1.1576098766971894
629687499.999986 0.18615199941661126 -2.2137113817204694
632226562.4999859 0.18594296200488394 0.6982722451661517
634765624.9999859 0.1857403023823795 -2.673427078084112
637304687.4999858 0.18548419455461096 0.237048465459469
639843749.9999858 0.18513588525647232 -3.136924777208956
642382812.4999857 0.18468678537176342 -0.22889045316763146
644921874.9999857 0.18415772167494324 2.6783728465123513
647460937.4999856 0.18358890977072986 -0.6977020741690425
649999999.9999856 0.18302456649911925 2.209912876022356
652539062.4999856 0.18249746177038662 -1.1646420115753329
655078124.9999855 0.18201792572814124 1.745224424096612
657617187.4999855 0.18156994216211556 -1.6269841513037075
660156249.9999853 0.18111508556408537 1.2846810130273023
662695312.4999853 0.18060342018567338 -2.08672940301837
665234374.9999852 0.17998873199384005 0.8246031473895482
667773437.4999852 0.17924375243201768 -2.5480457847161824
670312499.9999851 0.1783703476880119 0.36164950640277954
672851562.4999851 0.1774009557664574 -3.012397698891421
675390624.999985 0.17639066031412629 -0.10328069443561341
677929687.499985 0.17540270307826095 2.8064499637155618
680468749.9999849 0.1744922367801668 -0.5658458167544058
683007812.4999849 0.17369304001485544 2.3464916335191783
685546874.9999847 0.1730104430342032 -1.0229669210373926
688085937.4999847 0.17242196941146679 1.8917574253079146
690624999.9999846 0.17188561838884825 -1.4763146778947323
693164062.4999846 0.17135397889220083 1.4385404972567923
695703124.9999845 0.1707903917437024 -1.930548067635348
698242187.4999845 0.17018200798127003 0.9825718647105517
700781249.9999845 0.16954504419129263 -2.3883571243260597
703320312.4999844 0.16892014287029092 0.523432041803736
705859374.9999844 0.16835939910769232 -2.8478834544794926
708398437.4999843 0.16790950122551435 0.06458835121490224
710937499.9999843 0.16759635458354613 2.977987170991208
713476562.4999841 0.16741562583819347 -0.39085095202377396
716015624.9999841 0.1673317855359927 2.524153383491773
718554687.499984 0.16728613997557754 -0.8438823366062845
721093749.999984 0.1672121126526805 2.0708404974762766
723632812.4999839 0.16705374677801932 -1.298504106226365
726171874.9999839 0.16678181055731187 1.614255515336173
728710937.4999838 0.16640211624624454 -1.7571290149214611
731249999.9999838 0.16595313660714314 1.154129826547355
733789062.4999837 0.16549379947140058 -2.2177380021373017
736328124.9999837 0.16508568408502564 0.6942557275688817
738867187.4999835 0.1647753021617846 -2.6758002867556354
741406249.9999835 0.1645815246201741 0.23863529805127562
743945312.4999835 0.16449136074297607 -3.1289686421717553
746484374.9999834 0.1644651206789846 -0.21267444051862028
749023437.4999834 0.16444977643242648 2.703766208182396
751562499.9999833 0.16439706095511963 -0.6633597507990039
754101562.4999833 0.16428097179452056 2.2519804008788773
756640624.9999832 0.16410890398901143 -1.1166445843493529
759179687.4999832 0.16392236431515173 1.797353999898429
761718749.9999831 0.16378670050238536 -1.5719810330966446
764257812.4999831 0.1637730248071246 1.3421849507495585
766796874.999983 0.16393792565609044 -2.026167752319204
769335937.499983 0.16430693074707559 0.889438383396311
771874999.9999828 0.16486635699748955 -2.477558191959416
774414062.4999828 0.16556590467023055 0.43876607863300776
776953124.9999827 0.16633160052347715 -2.92854092424835
779492187.4999827 0.16708575092382422 -0.013665197666430156
782031249.9999826 0.16776808588354714 2.899822857819601
784570312.4999826 0.16835137233586203 -0.4713823082619384
787109374.9999825 0.16884628022543177 2.4392529266422347
789648437.4999825 0.1692939101084506 -0.9342539953402191
792187499.9999825 0.16974867821386697 1.9749622953611903
794726562.4999824 0.17025740014947327 -1.3990136041078531
797265624.9999824 0.17084130326343844 1.5104729340795437
799804687.4999822 0.17148637805352537 -1.8629120252060036
802343749.9999822 0.17214479420905654 1.0469950307403648
804882812.4999821 0.17274695776691426 -2.3265469873986238
807421874.9999821 0.1732207872393791 0.5824277075828377
809960937.499982 0.17351250890742137 -2.792754432402715
812499999.999982 0.17360247458061043 0.11417999575865669
815039062.4999819 0.17351081496814974 3.020197888262696
817578124.9999819 0.17329101119290588 -0.3575125193645179
820117187.4999818 0.1730135341590573 2.547920228419282
822656249.9999818 0.17274490894270123 -0.8293826473778556
825195312.4999816 0.17252869974231244 2.077292568645707
827734374.9999816 0.1723738599070122 -1.2983292607001462
830273437.4999815 0.1722534496362274 1.609946174092388
832812499.9999815 0.17211384757904075 -1.764640085431851
835351562.4999814 0.17189184086241438 1.1438062576759833
837890624.9999814 0.17153472058230676 -2.2315009240432047
840429687.4999814 0.1710173103895233 0.6755834798202124
842968749.9999813 0.170350446802183 -2.70127267225423
845507812.4999813 0.16957804553219824 0.20460250317044895
848046874.9999812 0.1687637338394157 3.1105100750154047
850585937.4999812 0.16797152323791142 -0.26619948330580645
853124999.999981 0.16724669276715343 2.641273043797207
855664062.499981 0.1666025122791579 -0.7332510710493693
858203124.9999809 0.16601632324891694 2.176494545273612
860742187.4999809 0.16543584839972555 -1.1962295724199354
863281249.9999808 0.16479405137987682 1.7144257371416216
865820312.4999808 0.16402861711629058 -1.6584283081485895
868359374.9999807 0.16310052361926233 1.2512163417093398
870898437.4999807 0.1620059729709376 -2.123111458463864
873437499.9999806 0.1607777380304803 0.785153499143242
875976562.4999806 0.15947543967266353 -2.5899188829766393
878515624.9999804 0.15816804012989064 0.3186078717293395
881054687.4999804 0.15691427991101414 -3.0551065423941735
883593749.9999804 0.1557470057089925 -0.14435122702833753
886132812.4999803 0.15466565295798934 2.7677402393083184
888671874.9999803 0.1536386035980601 -0.6022632547129376
891210937.4999802 0.1526145947168471 2.3115492438591656
893749999.9999802 0.15154009988255104 -1.0577187343996342
896289062.4999801 0.15037781775291909 1.8558752176076885
898828124.9999801 0.14912064913981013 -1.514239009844414
901367187.49998 0.14779654380653331 1.398400427178884
903906249.99998 0.14646243570942194 -1.972219212286615
906445312.4999799 0.14518917814111662 0.9407915669065292
908984374.9999799 0.1440423522672615 -2.428418133627217
911523437.4999797 0.14306486844693334 0.48687467708664783
914062499.9999797 0.14226631883275082 -2.8796373881045096
916601562.4999796 0.1416218706125388 0.03815721219443211
919140624.9999796 0.14108096536934714 2.956558905901613
921679687.4999795 0.14058359150185923 -0.4082440410650757
924218749.9999795 0.14007963744936336 2.5095508729255225
926757812.4999794 0.13954542303935888 -0.8567910056938647
929296874.9999794 0.13899184229944075 2.0590228450256096
931835937.4999794 0.13846102601875604 -1.3091713530381135
934374999.9999793 0.13801232414875134 1.605406848459004
936914062.4999793 0.13770212648255653 -1.763140719632725
939453124.9999791 0.13756405044743725 1.1519334764980234
941992187.4999791 0.13759570942164134 -2.215585704176793
944531249.999979 0.13775608377543433 0.7005545893643588
947070312.499979 0.13797439824493044 -2.666369029354651
949609374.9999789 0.13816817887322994 0.24953774471039242
952148437.4999789 0.13826542439001777 -3.1185508590292623
954687499.9999788 0.1382242618880088 -0.20456552283024848
957226562.4999788 0.13804380386135773 2.708246179730862
959765624.9999787 0.1377624605771044 -0.6631065542613048
962304687.4999787 0.13744402311584922 2.2481446762850976
964843749.9999785 0.1371559271065445 -1.1238817213565173
967382812.4999785 0.13694663745097377 1.7876243507779135
969921874.9999784 0.1368291886103063 -1.5834445376354547
972460937.4999784 0.1367757882183637 1.3292987421557394
974999999.9999783 0.13672500339685756 -2.0407363432401637
977539062.4999783 0.13659944468556712 0.8724503377187002
980078124.9999783 0.13632883996263498 -2.497901990380884
982617187.4999782 0.13587162744537548 0.4143016926560436
985156249.9999782 0.13522833709815893 -2.9573703760893797
987695312.4999781 0.13444236030908124 -0.046354538592880655
990234374.9999781 0.13358770379935442 2.8645792322091723
992773437.499978 0.13274761500829643 -0.5072157347902975
995312499.999978 0.13199091021348058 2.4051505838059843
997851562.4999778 0.1313533666346922 -0.9643368812003532
1000390624.9999778 0.13082968770795653 1.9507854116426742
1002929687.4999777 0.13037824130428755 -1.4160409790549977
1005468749.9999777 0.12993711429324248 1.5011533535784565
1008007812.4999776 0.12944683187667597 -1.8644903503734005
1010546874.9999776 0.12887296472468557 1.0529651229985884
1013085937.4999775 0.12822143959847962 -2.3131154192560563
1015624999.9999775 0.12754116323623585 0.6035993644628618
1018164062.4999774 0.1269123531430517 -2.763089678150203
1020703124.9999774 0.12642360198308078 0.1534885063349612
1023242187.4999774 0.12614452014468547 3.0704517883626523
1025781249.9999772 0.12610241682955714 -0.29520986622023687
1028320312.4999772 0.12627042082892823 2.6228328812648405
1030859374.9999771 0.12657119737142472 -0.7420620388181031
1033398437.4999771 0.12689599064795887 2.1760391749973262
1035937499.999977 0.12713421453498067 -1.1897189743839722
1038476562.499977 0.12720535129706187 1.7266312811380715
1041015624.9999769 0.12708361210264457 -1.6414940556100595
1043554687.4999769 0.12680739680179223 1.2723130698848204
1046093749.9999768 0.1264698949927813 -2.0980273347171345
1048632812.4999768 0.1261929427905287 0.8143377108210901
1051171874.9999766 0.1260915383467019 -2.556406229972946
1053710937.4999766 0.1262393691618502 0.3565937747257168
1056249999.9999765 0.126645372973138 -3.0127562733702913
1058789062.4999765 0.12724806917084924 -0.09808316500553915
1061328124.9999764 0.12792939699379985 2.817176350115111
1063867187.4999764 0.12854450201011666 -0.550571913969817
1066406249.9999763 0.12895952726033347 2.36461061494381
1068945312.4999763 0.12908702851444934 -1.0039737340681376
1071484374.9999763 0.12890898108568238 1.9099139296223688
1074023437.4999762 0.12848069529210693 -1.4599973184039454
1076562499.9999762 0.12791450525650327 1.4529701041933074
1079101562.4999762 0.1273481172720599 -1.9171220155699211
1081640624.999976 0.12690698889452062 0.9965306062860085
1084179687.499976 0.1266715997029288 -2.3721412761532936
1086718749.999976 0.12665866085512967 0.5433037322671962
1089257812.499976 0.12682103029386155 -2.823690392397642
1091796874.9999757 0.12706576513584367 0.0928620892650442
1094335937.4999757 0.1272847336440664 3.009307561417519
1096874999.9999757 0.12738869212893802 -0.3579569646242882
1099414062.4999757 0.1273346762858314 2.5571850022534277
1101953124.9999754 0.12713849104027566 -0.8116616622363123
1104492187.4999754 0.12686865824076834 2.1020854253334846
1107031249.9999754 0.12662402678664572 -1.267551499112436
1109570312.4999754 0.12650239062297364 1.6462640988201893
1112109374.9999752 0.12657011612695268 -1.72243494083868
1114648437.4999752 0.1268421326768959 1.1929402571289731
1117187499.9999752 0.1272781327299802 -2.174016042171022
1119726562.4999752 0.12779580605352447 0.7427876977740894
1122265624.9999752 0.12829693252219973 -2.6234619438046733
1124804687.499975 0.12869843234196526 0.2931198812960232
1127343749.999975 0.1289589277576801 -3.0742415422193594
1129882812.499975 0.12909253214102556 -0.15939919854788362
1132421874.999975 0.12916534398454463 2.7544721252309374
1134960937.4999747 0.129275514618203 -0.6155714834705104
1137499999.9999747 0.1295230829334432 2.2972493256021727
1140039062.4999747 0.1299791639720291 -1.0729732010294861
1142578124.9999747 0.13066427345807494 1.8405148954859534
1145117187.4999745 0.13154250036180581 -1.5284654471045802
1147656249.9999745 0.13253308612956996 1.3864018866138264
1150195312.4999745 0.13353555603229963 -1.9815363381296431
1152734374.9999745 0.13446052087924446 0.9336578297100673
1155273437.4999743 0.1352566348729835 -2.4348583859753417
1157812499.9999743 0.13592530264219768 0.4788873894363458
1160351562.4999743 0.13651831886552449 -2.8917080268973425
1162890624.9999743 0.13711882109810797 0.01970970190405552
1165429687.4999743 0.1378112986966636 2.9301504393863294
1167968749.999974 0.1386502171292625 -0.4432287571909793
1170507812.499974 0.13963765148588034 2.4663227398975356
1173046874.999974 0.14071765234570005 -0.9072697553268219
1175585937.499974 0.14178967661965633 2.002482759978196
1178124999.9999738 0.1427371791937461 -1.3708848366546333
1180664062.4999738 0.1434625177365463 1.5387213086585252
1183203124.9999738 0.14391720190617277 -1.835443931692903
1185742187.4999738 0.14411773998032976 1.07263308367402
1188281249.9999735 0.14414149492521203 -2.303638842739842
1190820312.4999735 0.1441029648089667 0.6021192118592873
1193359374.9999735 0.14411716994368887 -2.77619063985332
1195898437.4999735 0.14426150177905048 0.1282959148097345
1198437499.9999733 0.1445487099248816 3.0329876985829487
1200976562.4999733 0.14492072070356174 -0.34476951908010267
1203515624.9999733 0.14526631791338418 2.5617117873079147
1206054687.4999733 0.14545768288677266 -0.813924885687446
1208593749.9999733 0.14539436245778292 2.0943996387746564
1211132812.499973 0.1450405828135364 -1.2802041572076313
1213671874.999973 0.14444355183090776 1.6280258209582834
1216210937.499973 0.14372573360689045 -1.747808486797209
1218749999.999973 0.14305153728510836 1.1583869152462778
1221289062.4999728 0.14257666553761408 -2.2196612681962367
1223828124.9999728 0.1423946440249451 0.684914576883455
1226367187.4999728 0.14249783769903931 -2.6934604301930567
1228906249.9999728 0.14276781930809937 0.21247205960936297
1231445312.4999726 0.14300189179733638 3.1202640529758363
1233984374.9999726 0.1429710023144095 -0.2528814471436541
1236523437.4999726 0.14249344917961682 2.6593349385312894
1239062499.9999726 0.14150278219968054 -0.7100113785194416
1241601562.4999723 0.1400890931097643 2.204459734514449
1244140624.9999723 0.1384999335325962 -1.1649352538845381
1246679687.4999723 0.13709798004342955 1.7467433765952132
1249218749.9999723 0.1362838746592609 -1.6281140039990019
1251757812.499972 0.13640120789965457 1.2761813253210454
1254296874.999972 0.13764501898036288 -2.106589221025575
1256835937.499972 0.1399961335185289 0.7909499680388828
1259374999.999972 0.14320120457219873 -2.5960012678773468
1261914062.499972 0.14681004411031945 0.30061364174387845
1264453124.9999719 0.15026656707689912 -3.0841583709757594
1266992187.4999719 0.15303227570602995 -0.18297924886924863
1269531249.9999719 0.15470985145033408 2.7214866721144877
1272070312.4999719 0.1551337684825936 -0.6537817848094144
1274609374.9999716 0.15440404373739278 2.2574773991121324
1277148437.4999716 0.15285453421459974 -1.11145146354676
1279687499.9999716 0.15096427877031438 1.8052177197604526
1282226562.4999716 0.14923516194006048 -1.5597055638780106
1284765624.9999714 0.14806805276111423 1.359162653035468
1287304687.4999714 0.14766998048383448 -2.005542760122476
1289843749.9999714 0.1480162365793514 0.9117541748861892
1292382812.4999714 0.14887579506400359 -2.4557463092095198
1294921874.9999712 0.14989096189171716 0.4583149148534414
1297460937.4999712 0.15068798275392858 -2.912087447614591
1299999999.9999712 0.15098794775623567 0.0
