0.0 0.00021679832315962475 0.0
2539062.4999999437 0.00018175043176042136 1.2911024292775393
5078124.999999887 0.0007090059226175336 3.0949553030646713
7617187.4999998305 0.0016199555749707342 -0.5323282727436568
10156249.999999775 0.0027116175260548376 2.248748504075791
12695312.499999719 0.003822082954699886 -1.2103388212670012
15234374.999999661 0.004799719697137627 1.637162940360228
17773437.499999605 0.005526353324932977 -1.781473899734972
20312499.99999955 0.00593807100653652 1.0980725104179017
22851562.499999493 0.006035998287153527 -2.2910602487112035
25390624.999999437 0.005883213417249396 0.6169463806342009
27929687.49999938 0.0055868939996715945 -2.7467393687484
30468749.999999322 0.0052687922128512145 0.1777480787845451
33007812.499999266 0.005032643706933346 3.096045864778285
35546874.99999921 0.004941303338356379 -0.28706276610805254
38085937.49999916 0.005010671356965653 2.5893351441182246
40624999.9999991 0.005213170464177223 -0.8360727785677101
43164062.49999904 0.005482850101577022 2.0146335800609605
45703124.99999899 0.005727740659411553 -1.41393300454789
48242187.49999893 0.005854686387523982 1.451381262528484
50781249.999998875 0.005798888150563378 -1.9529755222354532
53320312.499998815 0.005545394421363723 0.9395105707932526
55859374.99999876 0.005134283065096404 -2.4396920823502386
58398437.4999987 0.0046479724701169655 0.47020764003576326
60937499.999998644 0.004185632970625958 -2.9080725186421437
63476562.49999859 0.003835789807408895 -0.02414779488540927
66015624.99999853 0.0036590294036215132 2.824709487022614
68554687.49999848 0.0036804004834710643 -0.6451535371367709
71093749.99999842 0.003880258654128191 2.1481171346493952
73632812.49999836 0.0041905004203163084 -1.3437483899556841
76171874.99999832 0.0045153762631179265 1.4541182782486448
78710937.49999826 0.004770020129974039 -2.0256003834411294
81249999.9999982 0.004913991929345054 0.778858007627635
83789062.49999814 0.004965861137536504 -2.7019781766161244
86328124.99999808 0.0049941551658456845 0.10068894365520192
88867187.49999803 0.005087806265375664 2.91364816585023
91406249.99999797 0.0053212211716386045 -0.5322466241043943
93945312.49999791 0.005734179080084236 2.3382856243834227
96484374.99999785 0.006328340540076305 -1.0441873415435756
99023437.49999781 0.007064528131470734 1.8739661869661437
101562499.99999775 0.007859898544749961 -1.4883742200755958
104101562.49999769 0.008600810563295418 1.4239106555216108
106640624.99999763 0.009175930782345071 -1.9622594319714677
109179687.49999757 0.00951622474975519 0.9162189983094555
111718749.99999753 0.009623415525890218 -2.5075330939249416
114257812.49999747 0.009572801810072695 0.33587675777601356
116796874.9999974 0.009485436702916265 -3.111706076756598
119335937.49999735 0.009480353532433152 -0.27035312043770465
121874999.99999729 0.009634713396482772 2.5914766292624214
124414062.49999724 0.009974439624880406 -0.8008987363253931
126953124.99999718 0.01048263639169414 2.1162414670385408
129492187.49999712 0.011096949837462726 -1.235805362008879
132031249.99999706 0.011699702329527854 1.6932664109719935
134570312.49999702 0.012132765499048495 -1.677356728507906
137109374.99999696 0.012250364297547193 1.2075956729395376
139648437.4999969 0.011989039079974284 -2.2268189654164505
142187499.99999684 0.011419426078910375 0.5797154182894907
144726562.49999678 0.010741661532721214 -2.9383116318287836
147265624.99999672 0.0101893164541643 -0.19724350315215194
149804687.49999666 0.009866524188390338 2.558071586076962
152343749.99999663 0.009678759070098141 -0.9091694087638095
154882812.49999657 0.009497446854288652 2.004867592632448
157421874.9999965 0.00944504721657654 -1.2448020197949325
159960937.49999645 0.010024085115164463 1.8897486472288498
162499999.9999964 0.011761800566413596 -1.242034017908425
165039062.49999633 0.014637334192651409 1.8436980289014118
167578124.99999627 0.018158852164084527 -1.4354474216021005
170117187.49999622 0.02178520377938555 1.5043874157704817
172656249.99999616 0.025136439804716457 -1.8851486655209075
175195312.49999613 0.028043653822450405 0.9748965436379726
177734374.99999607 0.030530798353377075 -2.472246350525107
180273437.499996 0.03274723743725858 0.3490746684120954
182812499.99999595 0.03486955883583299 -3.1175926325906134
185351562.4999959 0.03701384551504506 -0.29629688585313196
187890624.99999583 0.03920029503309898 2.5370638861788715
190429687.49999577 0.04137696837130018 -0.8971233593749225
192968749.9999957 0.04347039807476692 1.9672599893277207
195507812.49999565 0.045425012341059924 -1.4393282894092811
198046874.99999562 0.04721624436809002 1.444683922714554
200585937.49999556 0.048845058109299413 -1.9522132511516777
203124999.9999955 0.05032811395152761 0.931969958074546
205664062.49999544 0.05169069184814851 -2.471971021294561
208203124.99999538 0.05296022634280322 0.4014184500571929
210742187.49999532 0.05415618541285453 -3.013329789442271
213281249.99999526 0.05527765359605444 -0.1476531056721506
215820312.4999952 0.05629620663188499 2.71794733871666
218359374.99999514 0.05716114904539649 -0.6973522152275137
220898437.4999951 0.05781671783628916 2.174264564654114
223437499.99999505 0.058223072346163876 -1.2332947086688215
225976562.499995 0.05837103727332787 1.645525879941206
228515624.99999493 0.05828492150889219 -1.7572383848450126
231054687.49999487 0.05801397228236317 1.1228636135214918
233593749.9999948 0.05761697349602586 -2.2822868312388076
236132812.49999475 0.05714507839048565 0.5925334165840443
238671874.9999947 0.056626859457266504 -2.8193494268671064
241210937.49999464 0.056058830717304 0.04895008083857669
243749999.99999458 0.05540454774000559 2.9152841144901327
246289062.49999455 0.054604197892295925 -0.5024348762670693
248828124.9999945 0.05359333369311418 2.3628485292647916
251367187.49999443 0.05232550905290566 -1.0553162698248835
253906249.99999437 0.05079177627480007 1.8084279096299303
256445312.4999943 0.04903158270997632 -1.614216322835273
258984374.99999425 0.04713334254181204 1.2404858215976469
261523437.4999942 0.045226341068760764 -2.196777216015437
264062499.99999413 0.043466754753141594 0.6377425854902824
266601562.49999407 0.042019401404057924 -2.8238299192593783
269140624.99999404 0.041035472512117525 -0.014735894867424775
271679687.499994 0.04062791298784125 2.7844875190974228
274218749.9999939 0.04085075409683813 -0.7048393767472771
276757812.49999386 0.041691713147646324 2.088886449098944
279296874.9999938 0.04308273719609299 -1.39603795216494
281835937.49999374 0.04492301518866556 1.4100537978941021
284374999.9999937 0.04710292059546403 -2.0574144463321997
286914062.4999936 0.04952009787728432 0.7685131454243374
289453124.99999356 0.05208579905475362 -2.67878135964778
291992187.4999935 0.05472447505046841 0.16628123525117022
294531249.99999344 0.05737081301410668 3.019368704175201
297070312.4999934 0.05996731859731483 -0.4040652552963392
299609374.9999933 0.062463873263076286 2.46091376094853
302148437.4999933 0.06481928702472795 -0.9534276355989024
304687499.99999326 0.06700389643646074 1.9181358776238395
307226562.4999932 0.06900175499010384 -1.4915808952619025
309765624.99999315 0.07081103119400672 1.3833663012051498
312304687.4999931 0.07244191373261397 -2.0234446398873724
314843749.999993 0.07391238701272601 0.854595566181381
317382812.49999297 0.07524316503603551 -2.54849434423797
319921874.9999929 0.07645335356427631 0.334034131863895
322460937.49999285 0.07755793066509108 -3.063967509650279
324999999.9999928 0.07856725613558585 -0.17615185462862273
327539062.4999927 0.07948809151802637 2.7140139771865415
330078124.99999267 0.080325347276146 -0.6771336213848722
332617187.4999926 0.0810838826688857 2.216216691558839
335156249.99999255 0.08176988714672108 -1.1728127472551824
337695312.4999925 0.08239151875151852 1.721806165107178
340234374.99999243 0.08295863395932354 -1.666414501783237
342773437.4999924 0.08348172037647089 1.2289976704621457
345312499.9999923 0.08397047370956279 -2.158075589227778
347851562.49999225 0.08443262290065949 0.7390301633659376
350390624.99999225 0.08487344661003605 -2.645836593393722
352929687.4999922 0.08529602983454643 0.25375023290197507
355468749.99999213 0.08570195448960517 -3.128724354379652
358007812.4999921 0.08609201641914266 -0.22720884985220097
360546874.999992 0.08646669699565995 2.6746944261899284
363085937.49999195 0.08682630734777155 -0.7066106697745093
365624999.9999919 0.08717082608382418 2.1949417610798823
368164062.49999183 0.08749948800948205 -1.1871506370630707
370703124.9999918 0.08781025475213816 1.713539581117263
373242187.4999917 0.08809942759333597 -1.6691508520883656
375781249.99999166 0.08836173069451554 1.2314283927846332
378320312.4999916 0.08859106689031765 -2.150834560685915
380859374.99999154 0.08878184061687235 0.7505883377138609
383398437.4999915 0.08893042995594264 -2.630661823977558
385937499.9999914 0.08903626903774632 0.2716540367744418
388476562.49999136 0.08910213120254538 -3.1090633409445423
391015624.9999913 0.08913348040951603 -0.206695313153388
393554687.49999124 0.08913703611590786 2.6953754290868943
396093749.99999124 0.0891188982751617 -0.6861214020579113
398632812.4999912 0.08908270345232834 2.2152322313150195
401171874.9999911 0.08902832747266086 -1.1667780632340152
403710937.49999106 0.08895156417729078 1.7344241938254286
406249999.999991 0.08884495014462343 -1.6473514545424317
408789062.49999094 0.08869952587206817 1.254352797051351
411328124.9999909 0.08850698643690474 -2.1268772755921383
413867187.4999908 0.08826154363292597 0.7751579237235316
416406249.99999076 0.08796094412610793 -2.606166963985029
418945312.4999907 0.0876063755636533 0.2952511713719856
421484374.99999064 0.08720131199786531 -3.0871614521512245
424023437.4999906 0.08674962216493634 -0.18711313127790402
426562499.9999905 0.08625347048333355 2.7122801800768577
429101562.49999046 0.08571165498464005 -0.6719694725279067
431640624.9999904 0.08511897496693277 2.226774410786059
434179687.49999034 0.08446694017623668 -1.1576056259462972
436718749.9999903 0.08374567255133225 1.741422882826755
439257812.4999902 0.08294639945681041 -1.6424921618616346
441796874.9999902 0.08206371295578291 1.256885608660858
444335937.49999017 0.08109686971783442 -2.1270644346413077
446874999.9999901 0.08004974922509472 0.7717367629929762
449414062.49999005 0.07892950093783259 -2.6133227561910997
451953124.99999 0.0777442621047616 0.28402051136093176
454492187.4999899 0.07650057622430857 -3.1025250026852924
457031249.99998987 0.07520127636981212 -0.2063201050126228
459570312.4999898 0.07384455851831634 2.6898597831110376
462109374.99998975 0.072424673178864 -0.6967071257530518
464648437.4999897 0.07093411965924969 2.2007639294749004
467187499.9999896 0.06936662767606216 -1.1838225952853205
469726562.49998957 0.06771985412367941 1.7159880587623184
472265624.9999895 0.06599681474290107 -1.6662815318640296
474804687.49998945 0.0642055724858507 1.2354938534496787
477343749.9999894 0.06235736279939084 -2.145347933854905
479882812.49998933 0.0604638599728825 0.7573362115292274
482421874.9999893 0.058534519737865755 -2.622887428485849
484960937.4999892 0.05657487980531298 0.2805177471400328
487499999.99998915 0.054586444442895454 -3.0984116746720103
490039062.49998915 0.05256837923428006 -0.19269942778489785
492578124.9999891 0.05052073202495433 2.7151885198945966
495117187.49998903 0.04844836782336891 -0.6572037947725224
497656249.999989 0.046364447272679174 2.257135768417361
500195312.4999889 0.04429228843786097 -1.1076830303738479
502734374.99998885 0.042264889489587905 1.81498919385292
505273437.4999888 0.04032210266137399 -1.541150458025016
507812499.99998873 0.038506143367930526 1.3901369565632318
510351562.4999887 0.036856516196759385 -1.9578322498540508
512890624.9999886 0.035405421143174506 0.9808267692036898
515429687.49998856 0.034174347440123425 -2.3609258564338256
517968749.9999885 0.033172088022386616 0.5823998658931574
520507812.49998844 0.03239405694637196 -2.7566847682931734
523046874.9999884 0.03182270487587002 0.18684095492894917
525585937.4999883 0.03142896290094759 3.128273349891409
528124999.99998826 0.031174796448776233 -0.21713389464881175
530664062.4999882 0.031016884332403457 2.715551840334864
533203124.99998814 0.030911083279441528 -0.6411905340110868
535742187.49998814 0.03081688461773086 2.2782690449773524
538281249.9999881 0.03070085078469656 -1.0927177103600478
540820312.499988 0.030538267288306806 1.812377907027554
543359374.999988 0.030312910766010892 -1.5723252823383593
545898437.4999878 0.030015596450520224 1.3201964069652496
548437499.9999878 0.029642627039215913 -2.075815139264425
550976562.4999877 0.029195178802324452 0.8063823560551351
553515624.9999877 0.028680093500657294 -2.5995977118596363
556054687.4999876 0.028111798752073067 0.27216671163545597
558593749.9999876 0.027514464696653317 3.1377020998882643
561132812.4999876 0.026923151354983833 -0.2870610224519754
563671874.9999875 0.02638260585480298 2.563639568491999
566210937.4999875 0.025942626584693703 -0.8764768624804368
568749999.9999874 0.02564982816812876 1.960077549469684
571289062.4999874 0.025537395518856587 -1.4908672205983722
573828124.9999872 0.02561635798706338 1.3400155970379235
576367187.4999872 0.025872431489816057 -2.110563846184697
578906249.9999871 0.02627038236784212 0.7263058942899027
581445312.4999871 0.02676418580829688 -2.7141597799792296
583984374.999987 0.027308641222047517 0.13498630048500154
586523437.499987 0.027868164357847905 2.9903484593658134
589062499.9999869 0.028420497266464197 -0.43191834808474217
591601562.4999869 0.028955404116540427 2.433765955021672
594140624.9999868 0.02947000019141995 -0.9796628109272474
596679687.4999868 0.029962991248426555 1.893684516685939
599218749.9999866 0.030429963479204097 -1.5128198131875898
601757812.4999866 0.03086118844353093 1.367100881900121
604296874.9999866 0.031242415385401623 -2.0329491580616508
606835937.4999865 0.031558085410560224 0.853355229313441
609374999.9999865 0.03179562324212204 -2.540479640761537
611914062.4999864 0.0319491799679707 0.3517003924964171
614453124.9999864 0.03202147751222806 -3.0367635341266386
616992187.4999863 0.03202310944825142 -0.1398140344042201
619531249.9999863 0.03196952244180463 2.7590823945780514
622070312.4999862 0.03187665410787058 -0.6234566348760918
624609374.9999862 0.0317566173385677 2.278860372896273
627148437.499986 0.03161479398597849 -1.100291412720199
629687499.999986 0.03144925601757667 1.8056080536244206
632226562.4999859 0.03125270805909719 -1.5696013961179678
634765624.9999859 0.031016359122646945 1.3406703643342972
637304687.4999858 0.030734523932714336 -2.0297677161834757
639843749.9999858 0.03040851730306152 0.8855569480562733
642382812.4999857 0.03004861574482691 -2.479724341179679
644921874.9999857 0.02967345257005462 0.4406545863596724
647460937.4999856 0.029306997795869757 -2.9198777475664666
649999999.9999856 0.0289740040516191 0.0047772986889205405
652539062.4999856 0.02869524637278003 2.9311279871027245
655078124.9999855 0.028483911667204626 -0.4243131596783842
657617187.4999855 0.02834410315481699 2.5045539281947202
660156249.9999853 0.02827175080215803 -0.8488765174056427
662695312.4999853 0.028257481217687484 2.0815423224139242
665234374.9999852 0.02829043135060715 -1.2708167668951424
667773437.4999852 0.028361761123883764 1.6600808884575875
670312499.9999851 0.02846679313421351 -1.6925778288919755
672851562.4999851 0.028605215433572098 1.2370386165989933
675390624.999985 0.0287794447160776 -2.1180219216687077
677929687.499985 0.02899182790217235 0.8080764761847666
680468749.9999849 0.029241669936851147 -2.5514250749809557
683007812.4999849 0.029523050245975815 0.3696786504185029
685546874.9999847 0.029824098655441535 -2.9949006814450967
688085937.4999847 0.030127973060461697 -0.07850008564396203
690624999.9999846 0.030415324958794652 2.836109553856186
693164062.4999846 0.030667631192673232 -0.5338306463792222
695703124.9999845 0.030870493475146827 2.378388955687988
698242187.4999845 0.03101596076996991 -0.9934135948034093
700781249.9999845 0.031103173406055118 1.9171573042481835
703320312.4999844 0.03113711545603752 -1.4563712781194382
705859374.9999844 0.031125835650265783 1.4522159046143044
708398437.4999843 0.03107695857421824 -1.9235692808494553
710937499.9999843 0.03099451146804392 0.9826451922424473
713476562.4999841 0.030876995795236006 -2.3953441812434844
716015624.9999841 0.030717285066599282 0.5091644630543378
718554687.499984 0.030504425060685996 -2.8697519699545238
721093749.999984 0.030226864819926327 0.034763557596442854
723632812.4999839 0.029876195450810564 2.939968463463787
726171874.9999839 0.029450267669029518 -0.43698868529070634
728710937.4999838 0.028954700306940293 2.470455266719127
731249999.9999838 0.028402268625600035 -0.9040126486809439
733789062.4999837 0.027810328001787135 2.005944419248473
736328124.9999837 0.02719705891259807 -1.3660981185806527
738867187.4999835 0.026577698977911762 1.546238495691702
741406249.9999835 0.02596193828494953 -1.8232746602285572
743945312.4999835 0.025353304538273454 1.0920465458535102
746484374.9999834 0.024750768924512258 -2.273693179174677
749023437.4999834 0.024152130103158823 0.6464526543344079
751562499.9999833 0.02355816104489875 -2.7133138265175707
754101562.4999833 0.02297619290433212 0.2138173335464559
756640624.9999832 0.0224218764661645 -3.1383558207350606
759179687.4999832 0.021918333373441234 -0.20368405005462878
761718749.9999831 0.02149269394683819 2.7339683998169377
764257812.4999831 0.02117089330013421 -0.6096974250853782
766796874.999983 0.020972244072883308 2.3302772936645635
769335937.499983 0.020905418453528547 -1.0139574129187725
771874999.9999828 0.020966953423912547 1.9226748392793187
774414062.4999828 0.021142478808256124 -1.4271247976460546
776953124.9999827 0.021410016195263396 1.5024996301580258
779492187.4999827 0.02174425584852281 -1.855004043484317
782031249.9999826 0.02212071680698553 1.0667382852005058
784570312.4999826 0.022518952001094262 -2.298596156851
787109374.9999825 0.022924308449270007 0.6153755483281946
789648437.4999825 0.023328115246122823 -2.7577421770722133
792187499.9999825 0.023726506816793832 0.14842026457413693
794726562.4999824 0.024118349546428327 3.0507886341214507
797265624.9999824 0.024502893584300734 -0.3335266355757967
799804687.4999822 0.02487781080568965 2.5623482360400414
802343749.9999822 0.025238196416179626 -0.8272879588011324
804882812.4999821 0.025576879613800677 2.0646766867563158
807421874.9999821 0.02588600570655919 -1.3274325937122091
809960937.499982 0.02615940486817161 1.5633014009017268
812499999.999982 0.026394927298208772 -1.82915589817622
815039062.4999819 0.026595870751385673 1.061686380260972
817578124.9999819 0.026770903930657033 -2.330590162914015
820117187.4999818 0.02693239355212814 0.5602536446182905
822656249.9999818 0.02709357919198596 -2.832271976576258
825195312.4999816 0.02726542336424307 0.05817604647326333
827734374.9999816 0.02745408520693213 2.948515677572496
830273437.4999815 0.02765980053504308 -0.444215988010274
832812499.9999815 0.027877543142483245 2.446637535124713
835351562.4999814 0.02809929643352215 -0.9450228650720651
837890624.9999814 0.02831724077799001 1.9473579283472284
840429687.4999814 0.028526841157103404 -1.4425382518649812
842968749.9999813 0.0287288297625265 1.4515731210994751
845507812.4999813 0.02892942740349941 -1.9368722460878809
848046874.9999812 0.029138714824746465 0.9582525121201808
850585937.4999812 0.029367654779890038 -2.4296501697805133
853124999.999981 0.02962468829740493 0.46563662715381166
855664062.499981 0.029912962206150348 -2.9223091295105066
858203124.9999809 0.0302290593406243 -0.027072713082000283
860742187.4999809 0.030563653556604894 2.8682617563241197
863281249.9999808 0.0309039241590436 -0.5193879749186341
865820312.4999808 0.031237010535528104 2.3764011481305762
868359374.9999807 0.031553444223706484 -1.0107729310995783
870898437.4999807 0.031849482791408014 1.8853397048421385
873437499.9999806 0.032127600534102456 -1.5018190561315667
875976562.4999806 0.0323949604715391 1.393909953451892
878515624.9999804 0.03266031804802883 -1.994028621350477
881054687.4999804 0.03293029543609496 0.9006213145452746
883593749.9999804 0.03320617202762456 -2.4885320560075694
886132812.4999803 0.03348220209231702 0.40494975263798355
888671874.9999803 0.03374602919981528 -2.985175958078974
891210937.4999802 0.033981138960852426 -0.09239326165790535
893749999.9999802 0.034170658790169374 2.8002339479248004
896289062.4999801 0.03430137337111727 -0.5904093159164495
898828124.9999801 0.03436672639653068 2.302060213712161
901367187.49998 0.03436786605508299 -1.0887595310346836
903906249.99998 0.034312380660628326 1.8034542338274608
906445312.4999799 0.03421108052482781 -1.587700597199868
908984374.9999799 0.03407379375622986 1.304159171391369
911523437.4999797 0.03390546860995781 -2.0872657600231546
914062499.9999797 0.03370380964650602 0.8045233368809332
916601562.4999796 0.03345923027301047 -2.586675222142186
919140624.9999796 0.03315720606325642 0.30569651409724025
921679687.4999795 0.0327823703359322 -3.0845459097569297
924218749.9999795 0.0323231366270707 -0.19085684051016152
926757812.4999794 0.031775440934933584 2.7037439837731383
929296874.9999794 0.03114443716701112 -0.6837621697894235
931835937.4999794 0.030443584800800807 2.2131767848712665
934374999.9999793 0.02969135809295545 -1.171601369640499
936914062.4999793 0.028906543894088588 1.7285167956749548
939453124.9999791 0.02810355768167527 -1.6525576883377204
941992187.4999791 0.02728925361510627 1.2518729624322844
944531249.999979 0.026462316194234854 -2.1241734870788114
947070312.499979 0.025615607590104842 0.7861514452257946
949609374.9999789 0.024741007647701218 -2.582918780432896
952148437.4999789 0.02383555548531315 0.3357469308630441
954687499.9999788 0.022907274683650586 -3.0233080945840265
957226562.4999788 0.02197902990988647 -0.09271857921716686
959765624.9999787 0.021089090055759596 2.8452239919897773
962304687.4999787 0.020287653610474167 -0.49218230383985256
964843749.9999785 0.019629362393796878 2.461112134693827
967382812.4999785 0.019162865844180865 -0.8627167797344
969921874.9999784 0.01891983974976574 2.100086043943704
972460937.4999784 0.01890699425190028 -1.2202003566470654
974999999.9999783 0.019104324914803687 1.739479378411207
977539062.4999783 0.019470511182784415 -1.5897878787796045
980078124.9999783 0.01995323957670583 1.356956993489462
982617187.4999782 0.020500547770990207 -1.9870205247795623
985156249.9999782 0.021069776727328838 0.9449940196975729
987695312.4999781 0.021632319600781862 -2.4126878062217902
990234374.9999781 0.022173886071133735 0.5070591076865933
992773437.499978 0.02269107038046834 -2.8614419504056525
995312499.999978 0.023185685637449997 0.04878419369595183
997851562.4999778 0.023658661361541954 2.9550948511165513
1000390624.9999778 0.02410526001762596 -0.4251754917293718
1002929687.4999777 0.024512930099551054 2.4748625133456086
1005468749.9999777 0.02486234916785831 -0.9106487362087383
1008007812.4999776 0.025131290719085986 1.9851454908371011
1010546874.9999776 0.025300109192530316 -1.4036961406418447
1013085937.4999775 0.02535711848160066 1.4895562411424224
1015624999.9999775 0.025302111506019687 -1.9011776171464274
1018164062.4999774 0.02514676558942992 0.9907090708113582
1020703124.9999774 0.024911574181739535 -2.4009519636873997
1023242187.4999774 0.024619986276615376 0.49039546102565684
1025781249.9999772 0.024291315811504552 -2.901442553312783
1028320312.4999772 0.02393443951398905 -0.009927786944832002
1030859374.9999771 0.023544187623682922 2.8819135024025777
1033398437.4999771 0.023101666667798997 -0.5089377146693508
1035937499.999977 0.02257871673529111 2.384107581932015
1038476562.499977 0.021945586766710865 -1.0049688976735585
1041015624.9999769 0.02118002895785742 1.8908078836624982
1043554687.4999769 0.02027563012556497 -1.4939306976134163
1046093749.9999768 0.019247443837751406 1.4087364726615137
1048632812.4999768 0.01813379619941918 -1.9653535938734406
1051171874.9999766 0.016994203982543855 0.9530049076269594
1053710937.4999766 0.01590412764061628 -2.3994237828308407
1056249999.9999765 0.014947190658225142 0.546351757682677
1058789062.4999765 0.014204464064158949 -2.775266524446317
1061328124.9999764 0.013739858943532858 0.1996271340766185
1063867187.4999764 0.013583284516479457 -3.1013865040931345
1066406249.9999763 0.013718859644338504 -0.11998790745443957
1068945312.4999763 0.014087053666936718 2.853378930356486
1071484374.9999763 0.0146016454537876 -0.46889011255434065
1074023437.4999762 0.015172672116276428 2.4782416444866975
1076562499.9999762 0.01572547274353496 -0.8707920029584315
1079101562.4999762 0.016211315465258086 2.0522318228999885
1081640624.999976 0.01660971434360366 -1.3168804286194082
1084179687.499976 0.01692436168891533 1.5903938502489379
1086718749.999976 0.017175033081885074 -1.7903340492081814
1089257812.499976 0.017387916244370024 1.1090301857633404
1091796874.9999757 0.017586680399769128 -2.276520160632639
1094335937.4999757 0.017786095582685353 0.6202790751123461
1096874999.9999757 0.017989167192614498 -2.7665903175388435
1099414062.4999757 0.01818781160652164 0.1290706300336245
1101953124.9999754 0.018366324569546063 3.0234980018780164
1104492187.4999754 0.01850640897195382 -0.36729129766282453
1107031249.9999754 0.018592336648423993 2.5222653974354037
1109570312.4999754 0.01861491193402664 -0.8748352346968413
1112109374.9999752 0.018573294178713038 2.00745187068574
1114648437.4999752 0.018474385380282777 -1.3972020841954846
1117187499.9999752 0.018330246185705473 1.4779596651187275
1119726562.4999752 0.01815461582748966 -1.9328109511984877
1122265624.9999752 0.017959824728449366 0.9375411969392485
1124804687.499975 0.01775509270940482 -2.476804058047163
1127343749.999975 0.017546535408347875 0.3907853779701704
1129882812.499975 0.017338481692445815 -3.0261447590764123
1132421874.999975 0.017135248884807296 -0.16158215541964657
1134960937.4999747 0.016942451525656713 2.700837930225082
1137499999.9999747 0.01676716487654903 -0.7223689830144298
1140039062.4999747 0.016616707925315007 2.1352428362822775
1142578124.9999747 0.016496364153534913 -1.2921254061609238
1145117187.4999745 0.016406896945263715 1.562929902533686
1147656249.9999745 0.01634299684514385 -1.8646628428360663
1150195312.4999745 0.016293561853092376 0.9927407817003441
1152734374.9999745 0.01624395618178828 -2.4302656692385267
1155273437.4999743 0.016179494492147516 0.4331569920636743
1157812499.9999743 0.016088870456580348 -2.983434100033177
1160351562.4999743 0.01596634346826104 -0.11419613451862791
1162890624.9999743 0.015812069604603695 2.7568775158148995
1165429687.4999743 0.01563066178520654 -0.6542699753537363
1167968749.999974 0.0154285983328549 2.218008441971663
1170507812.499974 0.015211354536005138 -1.193070728002466
1173046874.999974 0.014981130523057497 1.6788402935997702
1175585937.499974 0.014735850655927717 -1.7322812251231638
1178124999.9999738 0.014469753974276463 1.1405488727534279
1180664062.4999738 0.014175425549871338 -2.2683136111175815
1183203124.9999738 0.013846642787716653 0.6081869322999721
1185742187.4999738 0.013481099719684279 -2.7957975713898513
1188281249.9999735 0.013082070822756838 0.0863898103911929
1190820312.4999735 0.01265840535323996 2.97158558319906
1193359374.9999735 0.012222785546202021 -0.4236263626368815
1195898437.4999735 0.011788743156877253 2.466693334456125
1198437499.9999733 0.01136732173128901 -0.92436082457795
1200976562.4999733 0.010964376797919166 1.9690829825245117
1203515624.9999733 0.010579301905891774 -1.4196448707202338
1206054687.4999733 0.010205538410040467 1.4758781420769596
1208593749.9999733 0.009832726347853092 -1.9102174007151047
1211132812.499973 0.009449940143355706 0.9894085647652358
1213671874.999973 0.009049217960218502 -2.3902448865017076
1216210937.499973 0.008628544767276907 0.5188083794702073
1218749999.999973 0.00819354369285128 -2.8481873017550794
1221289062.4999728 0.007757327292461898 0.07640423547867062
1223828124.9999728 0.007338267436323785 3.0098793200268603
1226367187.4999728 0.0069559319885647685 -0.3316664167990873
1228906249.9999728 0.006626160760353502 2.616047727648363
1231445312.4999726 0.006356999336459745 -0.7164603142679802
1233984374.9999726 0.006147334991659543 2.2339932092769716
1236523437.4999726 0.005989011052941185 -1.1009945630794506
1239062499.9999726 0.005871424316240039 1.8450224813429967
1241601562.4999723 0.005786583464831235 -1.4918926324675885
1244140624.9999723 0.005733060346855886 1.4588693287256873
1246679687.4999723 0.005718286301603478 -1.8642724333604193
1249218749.9999723 0.00575883047560654 1.1086280283704648
1251757812.499972 0.005877460330501519 -2.188300780987591
1254296874.999972 0.00609558776647945 0.8076564459846597
1256835937.499972 0.006422261609057794 -2.4769546741314805
1259374999.999972 0.006845087689738177 0.51622969553088
1261914062.499972 0.007329133563164388 -2.78542019196433
1264453124.9999719 0.007824880794687666 0.18112895119280362
1266992187.4999719 0.008280960504620037 3.131855993728963
1269531249.9999719 0.00865641731682413 -0.21579260041635384
1272070312.4999719 0.008929150017808658 2.70582218586983
1274609374.9999716 0.009099113829153174 -0.6681336275013599
1277148437.4999716 0.009186101471461858 2.2305337817525213
1279687499.9999716 0.00922287489080796 -1.1622284729999777
1282226562.4999716 0.009245409812306999 1.7229147134123297
1284765624.9999714 0.009282923383555367 -1.6769333416952883
1287304687.4999714 0.009350657820004566 1.208067248827474
1289843749.9999714 0.009447519479586783 -2.18570493498904
1292382812.4999714 0.009558773794255791 0.7095804421488455
1294921874.9999712 0.009662178848298687 -2.6724505888264716
1297460937.4999712 0.009735233100884467 0.233315901719655
1299999999.9999712 0.009761569319868758 3.141592653589793
