0.0 0.006064536715291682 3.141592653589793
2539062.4999999437 0.006431807698673307 0.07204153595800643
5078124.999999887 0.00744910210775924 -3.0567286496362454
7617187.4999998305 0.008932636455227657 0.02322309625022049
10156249.999999775 0.010683967385262026 3.0415519509589637
12695312.499999719 0.012504851865675317 -0.2681488578953351
15234374.999999661 0.014196890779532859 2.673274071232774
17773437.499999605 0.015579484631092183 -0.6920826722664611
20312499.99999955 0.016522060789778373 2.2074749868570045
22851562.499999493 0.016975850093586688 -1.1911047080068118
25390624.999999437 0.016991038023753093 1.6808842959981325
27929687.49999938 0.016709783633980187 -1.7405104583654092
30468749.999999322 0.01633288338605646 1.1146763770166008
33007812.499999266 0.016067098731679004 -2.3145715439648504
35546874.99999921 0.016069164822713283 0.5443279035953094
38085937.49999916 0.016405065918985082 -2.8704892110807134
40624999.9999991 0.01703444369036761 0.0077572171601465074
43164062.49999904 0.01781890769590997 2.8921564381428095
45703124.99999899 0.01855186640760586 -0.5062984516702133
48242187.49999893 0.01900897917747599 2.37288772422292
50781249.999998875 0.019011340937794035 -1.0417359567523425
53320312.499998815 0.018484037102642063 1.8119129474585203
55859374.99999876 0.017489803646991348 -1.6359125366000093
58398437.4999987 0.01622136539308227 1.1799567217941689
60937499.999998644 0.014944526999056509 -2.3028177764164197
63476562.49999859 0.01390262301337157 0.49495517203309214
66015624.99999853 0.013229004764989935 -2.9723051990358043
68554687.49999848 0.012934407372446333 -0.11833938090725946
71093749.99999842 0.012971630881650126 2.781552397795496
73632812.49999836 0.013289802136491639 -0.5637461759470778
76171874.99999832 0.013823312954913177 2.393684146182166
78710937.49999826 0.014464962387896891 -0.9320842170936933
81249999.9999982 0.015087901186033498 2.0115900886616096
83789062.49999814 0.015608384824498743 -1.3479737437108261
86328124.99999808 0.016036211173142263 1.5553247626999944
88867187.49999803 0.0164762818179787 -1.8405012848725886
91406249.99999797 0.01708003219292233 1.0388245372762954
93945312.49999791 0.017972729177342155 -2.363963792317387
96484374.99999785 0.019192675314387293 0.5241419052458323
99023437.49999781 0.020664273987890912 -2.861681916508678
101562499.99999775 0.02220512422992943 0.041798804466249964
104101562.49999769 0.02356242066798899 2.9460248602022943
106640624.99999763 0.02447678244262419 -0.43751761713330933
109179687.49999757 0.0247629329713984 2.4534556638014617
111718749.99999753 0.02438205451059206 -0.9496698221426667
114257812.49999747 0.02347478551015353 1.9199916361847447
116796874.9999974 0.022332790882321887 -1.4989205770341814
119335937.49999735 0.02131269627505314 1.37112613177137
121874999.99999729 0.020735033579856826 -2.0204529284719612
124414062.49999724 0.020825497529083713 0.9056117157894992
126953124.99999718 0.02169392927989385 -2.4166811754725934
129492187.49999712 0.023281499195431102 0.5652469170470604
132031249.99999706 0.025288382192935294 -2.7333952194172277
134570312.49999702 0.02719888793026277 0.2410381317393942
137109374.99999696 0.02844274447569662 -3.082509080621359
139648437.4999969 0.02861169387355101 -0.13730088992089642
142187499.99999684 0.02764088920393042 2.7958830547981437
144726562.49999678 0.02590227440729957 -0.5629092344358543
147265624.99999672 0.024186205839145415 2.3569902099763453
149804687.49999666 0.02357242028623263 -1.0052405569667489
152343749.99999663 0.025217241642540526 1.9207614170270781
154882812.49999657 0.03010027903832309 -1.433587374881091
157421874.9999965 0.03878160285658072 1.4920078505816685
159960937.49999645 0.051234212554615105 -1.8721716859609805
162499999.9999964 0.06680268272272853 1.040399800897441
165039062.49999633 0.0842978838161402 -2.3353985250082854
167578124.99999627 0.10220782941990614 0.5678148430876261
170117187.49999622 0.1189809315753911 -2.815802543871127
172656249.99999616 0.13331993274304912 0.0802690282434008
175195312.49999613 0.14442086085732914 2.9727724191137916
177734374.99999607 0.15210356889552964 -0.4216012287928084
180273437.499996 0.1568055553947494 2.4635406165257163
182812499.99999595 0.15944272009958044 -0.9377837850739299
185351562.4999959 0.1611722753675891 1.9417275615888956
187890624.99999583 0.163117148123907 -1.4628343858611712
190429687.49999577 0.16612107264914766 1.416572889993837
192968749.9999957 0.17059359459132786 -1.9850934449735118
195507812.49999565 0.17647534945484505 0.8990375792390384
198046874.99999562 0.18331836978931607 -2.4978443162647133
200585937.49999556 0.19044894808894886 0.38953208862760985
203124999.9999955 0.197166702512249 -3.0065114442450285
205664062.49999544 0.20292973966651182 -0.12072099830045487
208203124.99999538 0.20748108985867053 2.763051617740995
210742187.49999532 0.21088736358714072 -0.6384664632544853
213281249.99999526 0.21348508542662464 2.2416024357146265
215820312.4999952 0.21575677740104823 -1.1621211279514938
218359374.99999514 0.2181786007446722 1.7179555671187814
220898437.4999951 0.2210866372455745 -1.6834424877474339
223437499.99999505 0.22459783003555212 1.2006816867876893
225976562.499995 0.2286003836337844 -2.1960670729072183
228515624.99999493 0.23280733967502615 0.6920618948529732
231054687.49999487 0.2368526431903395 -2.7022670957077755
233593749.9999948 0.24040148231933442 0.18633365426229165
236132812.49999475 0.24324469465391335 3.073968643050155
238671874.9999947 0.24535155728873106 -0.3227975946004472
241210937.49999464 0.24686743790541016 2.56267357434548
243749999.99999458 0.24806015925476774 -0.8352797862105653
246289062.49999455 0.24923524355984908 2.050658878545566
248828124.9999945 0.2506485698769119 -1.3449848984817758
251367187.49999443 0.2524422466803639 1.544719179159709
253906249.99999437 0.25461851574324407 -1.846560307969421
256445312.4999943 0.2570537391228471 1.0470543770329588
258984374.99999425 0.25954475660438003 -2.3416731721009603
261523437.4999942 0.261873608414484 0.5526508035714394
264062499.99999413 0.26387268020230037 -2.8371608974724327
266601562.49999407 0.26547157607368155 0.054809915070761404
269140624.99999404 0.26671168743653667 2.9453824141395812
271679687.499994 0.26772473015170506 -0.4481997881286837
274218749.9999939 0.2686839296899003 2.4411397333068745
276757812.49999386 0.269745471117107 -0.9522132408206819
279296874.9999938 0.27099935903346706 1.9386776434560915
281835937.49999374 0.27244327625474063 -1.4523618167113732
284374999.9999937 0.27398430331525164 1.4408110268255088
286914062.4999936 0.27546551435274463 -1.9487420224574719
289453124.99999356 0.27670896358745567 0.9446323812475295
291992187.4999935 0.2775630092158896 -2.4460742733392777
294531249.99999344 0.27794049678619764 0.44514957008949096
297070312.4999934 0.27783650566285384 -2.948028379671358
299609374.9999933 0.2773208986010301 -0.05879150115751672
302148437.4999933 0.27650987843874286 2.8304278045962947
304687499.99999326 0.2755280098420608 -0.5626848227889272
307226562.4999932 0.27447409024571234 2.3290025397492857
309765624.99999315 0.27340047148250346 -1.0604288219443627
312304687.4999931 0.27230901214417985 1.8354255197827312
314843749.999993 0.2711615975015065 -1.5501720185264265
317382812.49999297 0.26990060134556865 1.3485170897254553
319921874.9999929 0.268473656134418 -2.035566854037967
322460937.49999285 0.2668562986003443 0.8634158140051406
324999999.9999928 0.2650659040525165 -2.5211190430710704
327539062.4999927 0.2631623261495195 0.3773627822674688
330078124.99999267 0.26123511627128654 -3.0070245664870248
332617187.4999926 0.25938213470022226 -0.10726115626379336
335156249.99999255 0.25768696945974096 2.7940689168193433
337695312.4999925 0.2562016559507836 -0.5858703741339656
340234374.99999243 0.25493814724921965 2.3192600605091913
342773437.4999924 0.25386925497924256 -1.0573331716891723
345312499.9999923 0.2529383794855587 1.8500180442094365
347851562.49999225 0.25207627830891294 -1.5258432843949392
350390624.99999225 0.25122122784105017 1.380799792801826
352929687.4999922 0.25033684406293266 -1.996772973761957
355468749.99999213 0.24942157638268367 0.9078412039316333
358007812.4999921 0.24850665346127235 -2.471349651920174
360546874.999992 0.2476438447465546 0.4326132161315742
363085937.49999195 0.2468880890434741 -2.9460421988721555
365624999.9999919 0.24628091112861353 -0.040538478597793214
368164062.49999183 0.24583894134246764 2.8660110718068568
370703124.9999918 0.2455496193233501 -0.509879522017446
373242187.4999917 0.2453745941194738 2.397566608079189
375781249.99999166 0.2452600962756539 -0.9787370340014946
378320312.4999916 0.245151745415248 1.9269499387439968
380859374.99999154 0.2450091445609414 -1.4521061719641923
383398437.4999915 0.24481486410865794 1.4504726665926502
385937499.9999914 0.24457438850140015 -1.9313084621514502
388476562.49999136 0.24430764375698633 0.9695591579669923
391015624.9999913 0.2440364174065691 -2.4125739618880306
393554687.49999124 0.2437730887476384 0.4892654861507341
396093749.99999124 0.24351439329418942 -2.8909732465444415
398632812.4999912 0.2432412013330863 0.01303886877883434
401171874.9999911 0.24292339406028585 2.9177427934367515
403710937.49999106 0.24252825943427403 -0.4606268211344388
406249999.999991 0.24203046020254895 2.4436966120432775
408789062.49999094 0.24142086539861365 -0.9361015063060792
411328124.9999909 0.24071100095385659 1.9661984451592143
413867187.4999908 0.2399307829524496 -1.4155870483350317
416406249.99999076 0.2391197934041947 1.4853830639521994
418945312.4999907 0.23831527655676402 -1.8966467560538751
421484374.99999064 0.2375413513417663 1.0052719433113793
424023437.4999906 0.23680289104464583 -2.3748608833419174
426562499.9999905 0.23608515219823067 0.5293829201279451
429101562.49999046 0.23535828513367282 -2.8486319786705607
431640624.9999904 0.23458512996634032 0.056966707696793725
434179687.49999034 0.23373060349505148 2.962419255570236
436718749.9999903 0.23277063885327487 -0.4159324259677466
439257812.4999902 0.23169813945328555 2.4880565025649823
441796874.9999902 0.23052372686371572 -0.8918917859359217
444335937.49999017 0.2292708016911602 2.010982454292597
446874999.9999901 0.22796687273007965 -1.3691154789941964
449414062.49999005 0.22663464880485643 1.5347824772029146
451953124.99999 0.22528601037602158 -1.8432472187761095
454492187.4999899 0.22392018442294767 1.0633363416295563
457031249.99998987 0.22252571269833013 -2.3119861049429273
459570312.4999898 0.22108512375832842 0.5967430647959505
462109374.99998975 0.21958129183824154 -2.7773901930072054
464648437.4999897 0.21800434964138138 0.13148287279963256
467187499.9999896 0.21635741765840094 3.0398751484414874
469726562.49998957 0.21465906749369326 -0.3354021586043684
472265624.9999895 0.21294124350127522 2.572325362869392
474804687.49998945 0.21124321462950485 -0.80278595522745
477343749.9999894 0.20960381838528513 2.106230497638048
479882812.49998933 0.20805461514497608 -1.2665100758999994
482421874.9999893 0.20661557615601378 1.6455885022375447
484960937.4999892 0.2052936694209175 -1.7239531218921746
487499999.99998915 0.2040841791366306 1.190818241273989
490039062.49998915 0.2029746776975036 -2.1770768329488304
492578124.9999891 0.20195133012061703 0.7381040608917402
495117187.49998903 0.20100615818752826 -2.630484000415506
497656249.999989 0.2001427233517315 0.2833314616887401
500195312.4999889 0.19937764240954342 -3.0867065244297196
502734374.99998885 0.19873688474230358 -0.17386242162430476
505273437.4999888 0.19824804084271785 2.7391570352910515
507812499.99998873 0.19793128288629494 -0.6304135426203069
510351562.4999887 0.19779186089388165 2.2840048679754186
512890624.9999886 0.19781614223366728 -1.0840459788148062
515429687.49998856 0.19797225233827326 1.8314315082177017
517968749.9999885 0.19821556107564647 -1.536490566228373
520507812.49998844 0.19849818027221888 1.3779745886332906
523046874.9999884 0.19878011731530407 -1.9919898208065905
525585937.4999883 0.1990384715619305 0.919799857373036
528124999.99998826 0.19927118337016342 -2.4529096310348253
530664062.4999882 0.19949375152143883 0.4566316217177907
533203124.99998814 0.19973014075428935 -2.9174224191842106
535742187.49998814 0.20000125493988752 -0.008188083410791275
538281249.9999881 0.20031483875585465 2.9015004355575797
540820312.499988 0.20065967624148895 -0.4714513192429427
543359374.999988 0.20100541602723415 2.439141531328008
545898437.4999878 0.20130796891133754 -0.9334846221911783
548437499.9999878 0.20151920330018963 1.9765721256180897
550976562.4999877 0.2015984211231943 -1.3974509279553324
553515624.9999877 0.2015221485644873 1.5106292827049457
556054687.4999876 0.20128889950809303 -1.865473150041728
558593749.9999876 0.20091719846245396 1.0409589174609946
561132812.4999876 0.20043771362208762 -2.3359220522489865
563671874.9999875 0.1998825251284593 0.5708178852922356
566210937.4999875 0.19927524348918918 -2.804736456438129
568749999.9999874 0.19862483849104837 0.10401723975366417
571289062.4999874 0.19792449261272832 3.0138536585643627
573828124.9999872 0.1971554363304878 -0.3586897802926561
576367187.4999872 0.19629475941220056 2.5523483817892427
578906249.9999871 0.19532532644126185 -0.8198005316198589
581445312.4999871 0.194245097152615 2.090983920917756
583984374.999987 0.19307287693532368 -1.2816812847148231
586523437.499987 0.19184838899242856 1.6288160075534368
589062499.9999869 0.19062647034438834 -1.743463096246126
591601562.4999869 0.18946722987980902 1.1683464461885675
594140624.9999868 0.18842512090389663 -2.2017239983259027
596679687.4999868 0.1875397461140399 0.7128699204511002
599218749.9999866 0.18683036483709453 -2.6543695269308945
601757812.4999866 0.1862952084724681 0.2625159764827486
604296874.9999866 0.18591593782997 -3.103441441157217
606835937.4999865 0.1856664829948749 -0.18650028032057842
609374999.9999865 0.18552396807941068 2.729651273425434
611914062.4999864 0.18547813819714937 -0.6384328919663067
614453124.9999864 0.18553572961420117 2.275640547894827
616992187.4999863 0.1857179485782264 -1.0942350247738155
619531249.9999863 0.18605188954233612 1.8187050700429799
622070312.4999862 0.18655895633893171 -1.5515313630115173
624609374.9999862 0.18724418544492627 1.3616540724311053
627148437.499986 0.18808980014965637 -2.008113924422676
629687499.999986 0.18905496231916388 0.905294640186424
632226562.4999859 0.19008205580255763 -2.4648935713243083
634765624.9999859 0.1911080915492083 0.4472521894013435
637304687.4999858 0.19207814528416411 -2.9249801811442957
639843749.9999858 0.19295670527970338 -0.015357696258266391
642382812.4999857 0.19373316311092242 2.8930469824959633
644921874.9999857 0.1944196254124515 -0.48261269652393557
647460937.4999856 0.19504201764842607 2.42451135889904
649999999.9999856 0.1956277823093058 -0.9514615326811977
652539062.4999856 0.19619433288999008 1.9562125131437078
655078124.9999855 0.19674171410004937 -1.4186742989616064
657617187.4999855 0.19725131306688753 1.4901707871118937
660156249.9999853 0.1976907266526362 -1.8838996798716479
662695312.4999853 0.19802335506074312 1.0251083895465298
665234374.9999852 0.19822001060651218 -2.3495263494989365
667773437.4999852 0.19826902057068893 0.5583559453768926
670312499.9999851 0.19818145601324785 -2.817615699253968
672851562.4999851 0.19798954907591587 0.08914685460597213
675390624.999985 0.19773870079037065 2.9958361222427654
677929687.499985 0.19747571809640632 -0.3803018744550527
680468749.9999849 0.19723703662042957 2.527463051416701
683007812.4999849 0.1970403491429339 -0.8470577579766256
685546874.9999847 0.19688172881130908 2.0624574689124677
688085937.4999847 0.19673874370636188 -1.310625084694361
690624999.9999846 0.1965786196672307 1.5996680800646954
693164062.4999846 0.19636926319059825 -1.7734460169240072
695703124.9999845 0.19609000176131453 1.1360960808160967
698242187.4999845 0.1957386594307662 -2.238191078252977
700781249.9999845 0.19533251726829948 0.6701702008980911
703320312.4999844 0.19490273466974634 -2.7048972682316905
705859374.9999844 0.19448413074132287 0.20336665773870613
708398437.4999843 0.1941037819066175 3.1121438938634878
710937499.9999843 0.1937720698622056 -0.26151653185694457
713476562.4999841 0.1934787876478578 2.648789407243313
716015624.9999841 0.19319533126071914 -0.723480332259972
718554687.499984 0.19288241241428075 2.1877294180862576
721093749.999984 0.19250132229708847 -1.1843060359652728
723632812.4999839 0.19202567803582837 1.7265078937108806
726171874.9999839 0.1914501459122164 -1.646304487589125
728710937.4999838 0.19079330052457472 1.2637354462552606
731249999.9999838 0.19009358896697157 -2.109442839720572
733789062.4999837 0.18939968640599567 0.800944094602565
736328124.9999837 0.18875833874706696 -2.5710647578610333
738867187.4999835 0.18820336079979516 0.34118881948575547
741406249.9999835 0.18774879285589108 -3.028585194110733
743945312.4999835 0.18738786895943776 -0.11416669180505905
746484374.9999834 0.187097961673886 2.800921704014085
749023437.4999834 0.1868502353532259 -0.5669318581098691
751562499.9999833 0.18662141201515478 2.3482465649470914
754101562.4999833 0.1864041333743073 -1.0201766953183198
756640624.9999832 0.1862124468798701 1.894097617470743
759179687.4999832 0.18608028376912455 -1.4751841695318604
761718749.9999831 0.18605308859372482 1.4385909467983284
764257812.4999831 0.1861750699148815 -1.9306828351418281
766796874.999983 0.18647592907871904 0.9835411993240167
769335937.499983 0.18696098920506143 -2.385103531044383
771874999.9999828 0.18760760097515716 0.5295577363366658
774414062.4999828 0.1883689965430749 -2.839204417537099
776953124.9999827 0.18918475937687046 0.0745478362576912
779492187.4999827 0.1899951051030299 2.987234421690347
782031249.9999826 0.19075475864264488 -0.38458575161946457
784570312.4999826 0.19144204021704297 2.5254029553731057
787109374.9999825 0.19206019676447578 -0.8490170582075011
789648437.4999825 0.19263065585841227 2.0588377325086125
792187499.9999825 0.19318068262121782 -1.3170201600208788
794726562.4999824 0.19372972755796516 1.5901271873480625
797265624.9999824 0.1942789444394488 -1.785870839991246
799804687.4999822 0.19480709080963832 1.1213995945285835
802343749.9999822 0.19527395167599781 -2.2545585345964367
804882812.4999821 0.1956302219325645 0.6523894968860313
807421874.9999821 0.19583091989035176 -2.7243792200590438
809960937.499982 0.1958482692877915 0.18133417359385276
812499999.999982 0.19567997576855595 3.0863252795875935
815039062.4999819 0.195350150521536 -0.2924311354254029
817578124.9999819 0.19490250760866093 2.61174731465662
820117187.4999818 0.19438802651008522 -0.7671217187654443
822656249.9999818 0.19385099627781605 2.1376945895137163
825195312.4999816 0.19331762525167903 -1.2399377691721603
827734374.9999816 0.19279032264091978 1.6663978787657752
830273437.4999815 0.19224895995464045 -1.7098219937735633
832812499.9999815 0.19165852944041228 1.197473238114755
835351562.4999814 0.1909809773966784 -2.1784376706578854
837890624.9999814 0.1901878104442804 0.728526218249285
840429687.4999814 0.1892696790541227 -2.6481406333800117
842968749.9999813 0.18823989941272082 0.25800121856264885
845507812.4999813 0.18713078326786498 -3.119156555201797
848046874.9999812 0.18598407729228375 -0.2128558189642607
850585937.4999812 0.18483874963203692 2.694122519224199
853124999.999981 0.1837200116478423 -0.6811031407539434
855664062.499981 0.18263274994032663 2.2279500007661897
858203124.9999809 0.18156102537441357 -1.1452028273326298
860742187.4999809 0.18047363087135 1.7655015261058102
863281249.9999808 0.17933421691725115 -1.6067174783477556
865820312.4999808 0.17811327364689214 1.3041190958527122
868359374.9999807 0.17679851030938787 -2.068618066570859
870898437.4999807 0.1754003369279387 0.841391959417136
873437499.9999806 0.17395052038451617 -2.5320460986138014
875976562.4999806 0.17249434327315072 0.3777894721348593
878515624.9999804 0.17107881824744825 -2.995047244883997
881054687.4999804 0.16974072113982208 -0.08381396261979655
883593749.9999804 0.16849799800228912 2.8285094267703266
886132812.4999803 0.1673468222951308 -0.5412873108922903
888671874.9999803 0.16626491334986931 2.372916998616182
891210937.4999802 0.16522014654306777 -0.995648756470805
893749999.9999802 0.16418212706841942 1.9189513310058113
896289062.4999801 0.16313340410682725 -1.4499988166365034
898828124.9999801 0.16207676961009432 1.4637084510984986
901367187.49998 0.16103603435057703 -1.9062413546950912
903906249.99998 0.16004973750157578 1.0067674136376454
906445312.4999799 0.15915967990550897 -2.363290372524546
908984374.9999799 0.15839793313256664 0.5502810112137048
911523437.4999797 0.15777638009286757 -2.8187001013742417
914062499.9999797 0.1572819194697329 0.09611660360003198
916601562.4999796 0.156878756456577 3.0113101748026305
919140624.9999796 0.15651726578514685 -0.3566933170300521
921679687.4999795 0.1561470932387505 2.5580446350185886
924218749.9999795 0.15573076828202714 -0.8112005423376535
926757812.4999794 0.15525361042254726 2.101763754538056
929296874.9999794 0.15472658048567486 -1.2693880206962909
931835937.4999794 0.15418092787568063 1.6419670457945665
934374999.9999793 0.15365627789495973 -1.7301567767856265
936914062.4999793 0.1531860471750265 1.1810155812952954
939453124.9999791 0.1527848719873448 -2.1905807771662498
941992187.4999791 0.1524419145589132 0.7215449399935033
944531249.999979 0.15212199178991828 -2.6490707437357255
947070312.499979 0.15177418429516118 0.26367663089783455
949609374.9999789 0.15134549093473565 -3.106930613207615
952148437.4999789 0.150795577417866 -0.19483527221981903
954687499.9999788 0.15010812243828975 2.716599578301787
957226562.4999788 0.1492950572544024 -0.6557927619278608
959765624.9999787 0.14839212498810098 2.2545763298901043
962304687.4999787 0.147447029834061 -1.118302339468533
964843749.9999785 0.14650392767673703 1.792346575675011
967382812.4999785 0.14558915636350342 -1.5795143538019414
969921874.9999784 0.14470257700837766 1.3326542567968231
972460937.4999784 0.14381707988043743 -2.037552989099075
974999999.9999783 0.14288642653720324 0.8760248816376716
977539062.4999783 0.14185928948729248 -2.493280021339995
980078124.9999783 0.14069556168402902 0.420635448750196
982617187.4999782 0.13938016893489066 -2.948725510293733
985156249.9999782 0.13793014214822363 -0.034904470919574826
987695312.4999781 0.1363926805408169 2.879227093257948
990234374.9999781 0.13483481463639443 -0.4890320156645869
992773437.499978 0.13332798083449923 2.4272302428768464
995312499.999978 0.13193228853787073 -0.9378993511243389
997851562.4999778 0.13068506020488246 1.9821953532630205
1000390624.9999778 0.12959670034813875 -1.3788951707064043
1002929687.4999777 0.1286548177101508 1.5448833280301506
1005468749.9999777 0.12783533116999007 -1.813351313037629
1008007812.4999776 0.12711731054930986 1.1121914064027882
1010546874.9999776 0.1264968826162893 -2.2453802590885052
1013085937.4999775 0.12599526520830964 0.679931834611746
1015624999.9999775 0.12565737659196474 -2.678437457363435
1018164062.4999774 0.12554036213223024 0.24583248520411455
1020703124.9999774 0.12569486263674695 -3.113613736122571
1023242187.4999774 0.12614462959473396 -0.19041921260341965
1025781249.9999772 0.12687114323616192 2.732115468478951
1028320312.4999772 0.12780883086628336 -0.6294349320936207
1030859374.9999771 0.12885359827179232 2.290970294893083
1033398437.4999771 0.12988344637727947 -1.073380842558744
1035937499.999977 0.13078604838308797 1.8436246430521859
1038476562.499977 0.1314855484131741 -1.524473275748803
1041015624.9999769 0.1319605237722768 1.3888282842314048
1043554687.4999769 0.13224735763378523 -1.9824775749052257
1046093749.9999768 0.13242758143818384 0.928533797147691
1048632812.4999768 0.13260264891325918 -2.4438557881863345
1051171874.9999766 0.132863404819198 0.467345932896084
1053710937.4999766 0.13326295368750274 -2.9037760170112135
1056249999.9999765 0.13380042507410392 0.009339630336834487
1058789062.4999765 0.13441993808425584 2.9234060263307544
1061328124.9999764 0.13502497510306966 -0.445101328810091
1063867187.4999764 0.13550435126148536 2.469727168040935
1066406249.9999763 0.13576279819309028 -0.8989236440960214
1068945312.4999763 0.13574765899521124 2.0150107943769835
1071484374.9999763 0.13546399399731376 -1.3549287109209243
1074023437.4999762 0.1349736132302679 1.5577797796025006
1076562499.9999762 0.13437834325546832 -1.812880600134103
1079101562.4999762 0.13379262572492057 1.099925950844261
1081640624.999976 0.13331366468803668 -2.269719419857023
1084179687.499976 0.13299777515046735 0.6448674552419746
1086718749.999976 0.13284939025547135 -2.722593448718899
1089257812.499976 0.13282530496426934 0.194120358168017
1091796874.9999757 0.1328524174155428 3.1114933123927653
1094335937.4999757 0.13285354221679424 -0.2540666404024726
1096874999.9999757 0.13277362865259626 2.6634456636434707
1099414062.4999757 0.13259854572035068 -0.7025689758367377
1101953124.9999754 0.13236074206417925 2.2142191280286023
1104492187.4999754 0.1321300957288745 -1.1524174085723236
1107031249.9999754 0.13199292125038117 1.7641638116494849
1109570312.4999754 0.13202582677806296 -1.6021010137655087
1112109374.9999752 0.13227263653364138 1.315395351535072
1114648437.4999752 0.1327314724581737 -2.049635366163743
1117187499.9999752 0.13335582815691507 0.8690697925990256
1119726562.4999752 0.1340691880001694 -2.4951353704642814
1122265624.9999752 0.13478870017469907 0.4237444380238473
1124804687.499975 0.13545068429813026 -2.941046888762361
1127343749.999975 0.13603010457114667 -0.023449198356289315
1129882812.499975 0.13654785527632834 2.8931786507729655
1132421874.999975 0.13706340757097693 -0.47435777446616695
1134960937.4999747 0.13765498525022882 2.4404558839545505
1137499999.9999747 0.13839348996672876 -0.928503127943916
1140039062.4999747 0.13931849603214752 1.985412654246549
1142578124.9999747 0.14042402129744833 -1.3839428571751766
1145117187.4999745 0.14165863997252845 1.529909796708205
1147656249.9999745 0.14293990208664484 -1.8394338634039256
1150195312.4999745 0.14417847883745002 1.0742346539329601
1152734374.9999745 0.1453043772393239 -2.2956979056979394
1155273437.4999743 0.1462868638853883 0.616881304370734
1157812499.9999743 0.1471416107737065 -2.7546049501760552
1160351562.4999743 0.14792250941937757 0.15611081259707493
1162890624.9999743 0.1487004654242683 3.0658698728130216
1165429687.4999743 0.1495358091960975 -0.308364594956492
1167968749.999974 0.15045332145482565 2.6000065434048576
1170507812.499974 0.1514283782724143 -0.7751434396196815
1173046874.999974 0.15238937321021281 2.132748450114236
1175585937.499974 0.15323637530088097 -1.2425944723866484
1178124999.9999738 0.15387062278522054 1.6651812108732296
1180664062.4999738 0.15422570124141352 -1.710399908711958
1183203124.9999738 0.154290339481368 1.1968914233739005
1185742187.4999738 0.15411501078044668 -2.1794295107912185
1188281249.9999735 0.15379934143078902 0.7269804381810832
1190820312.4999735 0.15346333204878274 -2.6501528885824515
1193359374.9999735 0.15321079496164985 0.2557620184609429
1195898437.4999735 0.15309644776033413 -3.121341669228048
1198437499.9999733 0.15310760305997062 -0.2147802585366966
1200976562.4999733 0.15316725393125302 2.6925020398953086
1203515624.9999733 0.15315873470451108 -0.6825716008514252
1206054687.4999733 0.1529651338889321 2.226324156814066
1208593749.9999733 0.15251151573937438 -1.1473591457080745
1211132812.499973 0.1517964196838973 1.7624924820912933
1213671874.999973 0.15090163022650185 -1.6107552774789802
1216210937.499973 0.14997525791817468 1.2990717738027322
1218749999.999973 0.1491911575805962 -2.0744653277862835
1221289062.4999728 0.14869540936391995 0.8350931505630281
1223828124.9999728 0.14855567562866512 -2.5383929530261633
1226367187.4999728 0.14872992399457247 0.37175680725906407
1228906249.9999728 0.14906661645885905 -3.0005274278433243
1231445312.4999726 0.14933989570349857 -0.08866748102643933
1233984374.9999726 0.14931290212718276 2.8242104708678193
1236523437.4999726 0.14881322667556837 -0.5451882857918091
1239062499.9999726 0.14779946104479977 2.369235531316001
1241601562.4999723 0.14639852939963294 -0.9992980877025921
1244140624.9999723 0.14490007543741373 1.9150758815178606
1246679687.4999723 0.1437050955930694 -1.4545440911660108
1249218749.9999723 0.14323840298814655 1.457763482815123
1251757812.499972 0.14384498319334643 -1.9146141996926482
1254296874.999972 0.14569596542749405 0.9947493390741687
1256835937.499972 0.14872920120494523 -2.380163063989036
1259374999.999972 0.1526422304186031 0.5275668967105673
1261914062.499972 0.15694300008895806 -2.8478422056428747
1264453124.9999719 0.16104883973785283 0.06048416587057434
1266992187.4999719 0.16441093387228006 2.9697189689298074
1269531249.9999719 0.166633908827736 -0.40311327036463235
1272070312.4999719 0.1675605584430723 2.5084416093918076
1274609374.9999716 0.16730014602602103 -0.862011209120327
1277148437.4999716 0.1661929277017955 2.051770183678517
1279687499.9999716 0.164719853272088 -1.316823886108555
1282226562.4999716 0.16338056772216292 1.5982322058057041
1284765624.9999714 0.16257109082333296 -1.7698469134313888
1287304687.4999714 0.16249257355077162 1.1448988271902496
1289843749.9999714 0.16311415234737006 -2.2242170211193164
1292382812.4999714 0.16419834974965702 0.6890234073550066
1294921874.9999712 0.16538073102684353 -2.681721366350209
1297460937.4999712 0.16628120622612153 0.23010199662990174
1299999999.9999712 0.1666162267719043 3.141592653589793
